A
0 0 0 0
2 0 0 0
2 0 2 0
0 0 0 0
W
4 0 2 0
2 0 0 0
0 0 0 0
0 0 0 0
A
4 2 0 0
2 0 0 0
0 0 0 0
2 0 0 0
A
4 2 0 0
2 0 0 0
0 0 0 0
2 0 0 0
D
0 0 4 2
0 0 0 2
0 0 0 0
0 2 0 2
S
0 0 0 0
0 2 0 0
0 0 0 2
0 2 4 4
W
0 4 4 2
0 0 0 4
0 0 0 0
0 0 2 0
D
0 2 8 2
0 0 0 4
0 0 0 0
0 0 0 2
A
2 8 2 0
4 0 0 0
0 2 0 0
2 0 0 0
S
0 0 0 0
2 2 0 0
4 8 0 0
2 2 2 0
A
0 0 0 0
4 2 0 0
4 8 0 0
4 2 0 0
D
0 0 0 0
0 0 4 2
2 0 4 8
0 0 4 2
S
0 2 0 0
0 0 0 2
0 0 4 8
2 0 8 2
S
0 0 0 0
0 0 0 2
0 2 4 8
2 2 8 2
A
0 0 2 0
2 0 0 0
2 4 8 0
4 8 2 0
D
0 0 0 2
0 0 0 2
2 2 4 8
0 4 8 2
W
2 2 4 4
2 4 8 8
0 0 0 2
0 0 0 0
A
4 8 0 0
2 4 16 0
2 0 0 0
2 0 0 0
W
4 8 16 0
4 4 0 0
2 0 0 0
2 0 0 0
S
0 0 0 0
0 2 0 0
8 8 0 0
4 4 16 0
D
0 2 0 0
0 0 0 2
0 0 0 16
0 0 8 16
A
2 0 0 0
2 0 0 0
16 0 2 0
8 16 0 0
D
0 0 0 2
0 0 0 2
0 0 16 2
2 0 8 16
W
2 0 16 4
0 0 8 2
0 0 0 16
0 0 2 0
S
0 0 0 0
2 0 16 4
0 0 8 2
2 0 2 16
D
0 0 0 0
0 2 16 4
0 0 8 2
2 0 4 16
D
0 0 0 2
0 2 16 4
0 0 8 2
0 2 4 16
S
0 0 2 2
0 0 16 4
0 0 8 2
0 4 4 16
W
0 4 2 2
0 0 16 4
2 0 8 2
0 0 4 16
W
2 4 2 2
0 0 16 4
0 0 8 2
0 2 4 16
W
2 4 2 2
2 2 16 4
0 0 8 2
0 0 4 16
D
0 2 4 4
0 4 16 4
0 0 8 2
2 0 4 16
A
2 8 0 0
4 16 4 0
8 2 0 2
2 4 16 0
S
2 8 0 0
4 16 2 0
8 2 4 0
2 4 16 2
D
0 2 2 8
0 4 16 2
0 8 2 4
2 4 16 2
D
0 0 4 8
2 4 16 2
0 8 2 4
2 4 16 2
S
2 0 4 8
0 4 16 2
0 8 2 4
4 4 16 2
W
2 4 4 8
4 8 16 2
0 4 2 4
2 0 16 2
D
0 2 8 8
4 8 16 2
2 4 2 4
0 2 16 2
W
4 2 8 8
2 8 16 2
2 4 2 4
0 2 16 2
D
2 4 2 16
2 8 16 2
2 4 2 4
0 2 16 2
D
2 4 2 16
2 8 16 2
2 4 2 4
0 2 16 2
D
2 4 2 16
2 8 16 2
2 4 2 4
0 2 16 2
W
4 4 2 16
2 8 16 2
2 4 2 4
0 2 16 2
A
8 2 16 0
2 8 16 2
2 4 2 4
2 16 2 2
A
8 2 16 2
2 8 16 2
2 4 2 4
2 16 4 0
W
8 2 32 4
4 8 2 4
2 4 4 0
0 16 2 0
A
8 2 32 4
4 8 2 4
2 8 0 0
16 2 0 2
D
8 2 32 4
4 8 2 4
0 0 2 8
2 0 16 4
W
8 2 32 8
4 8 4 8
2 2 16 4
0 0 0 0
A
8 2 32 8
4 8 4 8
4 16 4 0
0 2 0 0
A
8 2 32 8
4 8 4 8
4 16 4 0
2 0 0 2
D
8 2 32 8
4 8 4 8
0 4 16 4
0 2 0 4
A
8 2 32 8
4 8 4 8
4 16 4 2
2 4 0 0
W
8 2 32 16
8 8 8 2
2 16 2 0
0 4 0 0
S
2 2 0 0
0 8 32 0
16 16 8 16
2 4 2 2
A
4 0 0 0
8 32 0 2
32 8 16 0
2 4 4 0
S
4 0 0 0
8 32 0 0
32 8 16 2
2 4 4 2
W
4 32 16 4
8 8 4 0
32 4 0 0
2 2 0 0
S
4 32 2 0
8 8 0 0
32 4 16 0
2 2 4 4
D
0 4 32 2
0 0 0 16
0 32 4 16
0 2 4 8
W
0 4 32 2
0 32 8 32
2 2 0 8
0 0 0 0
W
2 4 32 2
0 32 8 32
0 2 0 8
0 2 0 0
W
2 4 32 2
0 32 8 32
0 4 0 8
0 2 0 0
D
2 4 32 2
0 32 8 32
0 0 4 8
2 0 0 2
A
2 4 32 2
32 8 32 0
4 8 0 2
4 0 0 0
S
0 0 0 0
2 0 0 2
32 4 0 0
8 16 64 4
D
0 2 0 0
0 0 0 4
0 0 32 4
8 16 64 4
S
0 0 0 0
0 0 2 0
0 2 32 4
8 16 64 8
A
0 0 0 0
2 0 0 0
2 32 4 2
8 16 64 8
A
0 0 0 0
2 0 0 0
2 32 4 2
8 16 64 8
