2 1
1 0
A
2 2
W
1 0
A
3 0
A
D
3 1
S
2 3
1 1
W
0 1
3 2
D
0 1
A
2 1
S
1 1
A
1 1
D
2 0
S
0 1
S
2 1
A
0 2
D
2 3
2 1
2 0
W
1 0
A
3 0
W
0 2
0 1
1 1
3 0
S
1 1
D
0 1
A
0 0
2 2
D
3 0
W
1 2
3 2
S
2 2
2 2
1 0
D
3 2
3 0
D
3 1
3 1
1 1
0 3
S
3 1
0 3
0 2
W
2 0
W
1 2
0 2
3 1
W
0 2
0 2
0 0
1 0
D
3 0
A
2 3
S
1 2
D
0 1
D
1 0
S
0 2
2 2
0 0
W
1 1
2 2
3 0
D
0 2
3 1
2 2
1 2
2 3
2 2
2 3
3 2
3 1
1 2
0 3
2 0
W
1 1
3 2
2 3
0 2
2 2
1 3
0 1
2 2
2 0
D
1 0
1 1
1 1
3 1
2 0
2 1
2 1
3 1
2 2
2 1
1 0
1 1
2 2
3 2
1 2
0 0
D
D
W
2 0
A
1 3
2 0
3 2
2 2
0 0
3 3
A
0 2
1 0
0 1
3 1
2 3
2 3
1 1
1 3
1 1
1 3
0 0
0 2
3 2
3 2
0 0
2 1
1 1
1 0
1 2
0 2
2 2
2 0
3 2
2 3
2 0
1 2
0 2
0 2
0 1
1 3
2 3
3 1
1 2
3 0
2 2
0 3
W
1 3
3 2
A
0 2
1 0
0 1
0 3
3 3
D
1 3
3 0
W
1 1
2 1
A
0 2
1 0
2 2
3 1
A
1 3
0 0
3 3
D
1 2
2 2
1 2
0 2
1 3
3 1
A
1 1
3 0
1 3
0 2
2 1
3 0
2 3
W
2 2
S
0 0
A
0 0
1 3
S
1 1
0 0
3 2
3 3
1 1
3 3
3 3
2 3
W
2 0
3 1
S
0 1
2 0
0 1
2 2
0 2
D
3 1
W
2 0
W
3 1
W
0 2
1 2
3 1
D
3 0
A
2 3
S
1 3
D
0 1
S
1 2
A
2 3
A
@
